300 CLS:CLEAR600
310 PRINT@44,"St. Petersburg Police"
320 PRINT@125,"ELECTRONIC NOTEBOOK"
325 Z=Z+1:IFZ=1THENGOSUB1000
330 Y$=DAY$:PRINT@208,Y$
340 D$=DATE$:PRINT@212,D$
350 T$=TIME$:CALL17001:PRINT@150,"POLICE":PRINT@229,T$:CALL17006
360 K$=INKEY$
361 IFK$="M"THENMENU
362 IFK$=CHR$(27)THENCALL23407
365 IFK$<>CHR$(13)THEN330
370 R$=Y$+" "+D$+" "+T$+SPACE$(19)
380 CLS:CALL16959:PRINT@80,STRING$(200,95):PRINT@17,"Record"
385 PRINTR$;:LINEINPUTN$:F$=LEFT$(F$,200)
390 IFN$="Menu"THENMENU
400 OPEN"NOTE"FORAPPENDAS1
410 PRINT#1,R$+N$
420 CLOSE1
430 RUN
1000 REM BADGE ROUTINE
1110 FORI=0TO69
1120 READ X1,Y1,X2,Y2
1130 X1=X1+77:X2=X2+77
1140 LINE (X1,Y1)-(X2,Y2)
1150 NEXT
1200 DATA 119,0,121,0
1201 DATA 111,1,112,1,128,1,129,1,118,1,122,1
1202 DATA 110,2,113,2,127,2,130,2,117,2,123,2
1203 DATA 116,3,124,3,109,3,114,3,126,3,131,3
1204 DATA 108,4,132,4
1205 DATA 107,5,133,5
1206 DATA 106,6,134,6
1207 DATA 105,7,135,7
1208 DATA 104,8,136,8
1209 DATA 103,9,137,9
1210 DATA 102,10,138,10
1211 DATA 101,11,139,11
1212 DATA 100,12,140,12
1213 DATA 99,13,141,13
1214 DATA 98,14,142,14
1215 DATA 97,15,143,15
1216 DATA 96,16,144,16
1217 DATA 97,17,143,17
1218 DATA 98,18,142,18
1219 DATA 98,19,142,19
1220 DATA 97,20,143,20
1221 DATA 96,21,144,21
1222 DATA 97,22,143,22
1223 DATA 98,23,142,23
1224 DATA 98,24,142,24
1225 DATA 99,25,141,25
1226 DATA 99,26,141,26
1227 DATA 99,27,141,27
1228 DATA 99,28,141,28
1229 DATA 99,29,141,29
1230 DATA 99,30,141,30
1231 DATA 98,31,142,31
1232 DATA 97,32,143,32
1233 DATA 96,33,144,33
1234 DATA 95,34,145,34
1235 DATA 94,35,146,35
1236 DATA 93,36,147,36
1237 DATA 93,37,147,37
1238 DATA 93,38,147,38
1239 DATA 93,39,147,39
1240 DATA 93,40,147,40
1241 DATA 93,41,147,41
1242 DATA 93,42,147,42
1243 DATA 94,43,146,43
1244 DATA 94,44,146,44
1245 DATA 95,45,145,45
1246 DATA 96,46,144,46
1247 DATA 96,47,144,47
1248 DATA 96,48,144,48
1249 DATA 97,49,143,49
1250 DATA 98,50,142,50
1251 DATA 99,51,141,51
1252 DATA 100,52,140,52
1253 DATA 101,53,139,53
1254 DATA 105,54,135,54
1255 DATA 105,55,135,55
1256 DATA 106,56,134,56
1257 DATA 107,57,133,57
1258 DATA 108,58,132,58
1259 DATA 110,59,130,59
1260 DATA 113,60,127,60
1261 DATA 117,61,123,61
1262 DATA 119,62,121,62
1263 DATA 120,63,120,63
1299 RETURN

