 25  14  3  0 
0 0 0 "U.S. Airm"
0 1 0 "ail Singl"
0 2 0 "e Stamp M"
0 3 0 "odel - Us"
0 4 0 "ing Brook"
0 5 0 "man's Pri"
0 6 0 "ce List  "
0 7 0 " "
1 0 0 "Scott's"
1 1 0 "Face"
1 2 0 "Descripti"
1 3 0 "on"
1 5 0 " Perfor-"
1 6 0 "   NH"
1 7 0 "      Unu"
1 8 0 "sed"
1 9 0 "       Us"
1 10 0 "ed"
1 11 0 "<H>ave or"
1 12 0 "Condition"
1 13 0 "Price"
1 14 0 "Present"
2 0 0 "Number"
2 1 0 "Value"
2 2 0 "Of Stamp"
2 5 0 "  ation"
2 6 0 "  Fine"
2 7 0 "  Fine"
2 8 0 "Average"
2 9 0 "  Fine"
2 10 0 "Average"
2 11 0 "<N>eed"
2 12 0 "Of Stamp"
2 13 0 "Paid"
2 14 0 "Value"
3 0 0 "C1"
3 1 0 "64"
3 2 0 "Curtiss J"
3 3 0 "enny, Ora"
3 4 0 "nge"
3 6 3 150
3 7 3 115
3 8 3 70
3 9 3 45
3 10 3 27.5
3 11 0 "    n"
4 0 0 "C2"
4 1 0 "164"
4 2 0 "Green"
4 6 3 265
4 7 3 200
4 8 3 120
4 9 3 55
4 10 3 32.5
4 11 0 "    n"
5 0 0 "C3"
5 1 0 "244"
5 2 0 "Carmine R"
5 3 0 "ose & Blu"
5 4 0 "e"
5 6 3 265
5 7 3 200
5 8 3 120
5 9 3 70
5 10 3 42.5
5 11 0 "    n"
6 0 0 "C4"
6 1 0 "84"
6 2 0 "Propeller"
6 3 0 ", Dark Gr"
6 4 0 "een"
6 6 3 68.5
6 7 3 55
6 8 3 35
6 9 3 27.5
6 10 3 17.5
6 11 0 "    n"
7 0 0 "C5"
7 1 0 "164"
7 2 0 "Emblem, D"
7 3 0 "ark Blue"
7 6 3 240
7 7 3 195
7 8 3 120
7 9 3 60
7 10 3 38.5
7 11 0 "    n"
8 0 0 "C6"
8 1 0 "244"
8 2 0 "Biplane, "
8 3 0 "Carmine"
8 6 3 295
8 7 3 235
8 8 3 150
8 9 3 47.5
8 10 3 30
8 11 0 "    n"
9 0 0 "C7"
9 1 0 "104"
9 2 0 "Map, Dark"
9 3 0 " Blue"
9 6 3 8.35
9 7 3 6.75
9 8 3 4.35
9 9 3 .5
9 10 3 .3
9 11 0 "    n"
10 0 0 "C8"
10 1 0 "154"
10 2 0 "Map, Oliv"
10 3 0 "e Brown"
10 6 3 9.5
10 7 3 7.75
10 8 3 5
10 9 3 3.5
10 10 3 2.25
10 11 0 "    n"
11 0 0 "C9"
11 1 0 "204"
11 2 0 "Map, Gree"
11 3 0 "n (1927)"
11 6 3 25
11 7 3 20
11 8 3 13
11 9 3 2.5
11 10 3 1.6
11 11 0 "    n"
12 0 0 "C10"
12 1 0 "104"
12 2 0 "Lindburg,"
12 3 0 " Dark Blu"
12 4 0 "e"
12 6 3 18.5
12 7 3 15
12 8 3 9.5
12 9 3 3.5
12 10 3 2.25
12 11 0 "    n"
13 0 0 "C10a"
13 1 0 "104"
13 2 0 "Booklet P"
13 3 0 "ane of 3"
13 6 3 187.5
13 7 3 150
13 8 3 90
13 9 0 " ........"
13 10 0 " ........"
13 11 0 "    n"
14 0 0 "C11"
14 1 0 "54"
14 2 0 "Beacon, C"
14 3 0 "armine & "
14 4 0 "Blue"
14 6 3 10
14 7 3 8
14 8 3 5.25
14 9 3 .65
14 10 3 .4
14 11 0 "    n"
15 0 0 "C12"
15 1 0 "54"
15 2 0 "Winged Gl"
15 3 0 "obe, Viol"
15 4 0 "et"
15 5 0 "   11"
15 6 3 24.5
15 7 3 20
15 8 3 13
15 9 3 .55
15 10 3 .35
15 11 0 "    n"
16 0 0 "C13"
16 1 0 "654"
16 2 0 "Graf Zepp"
16 3 0 "elin, Gre"
16 4 0 "en"
16 6 3 675
16 7 3 550
16 8 3 385
16 9 3 500
16 10 3 350
16 11 0 "    n"
17 0 0 "C14"
17 1 0 "$1.30"
17 2 0 "Graf Zepp"
17 3 0 "elin, Bro"
17 4 0 "wn"
17 6 3 1500
17 7 3 1250
17 8 3 850
17 9 3 850
17 10 3 575
17 11 0 "    n"
18 0 0 "C15"
18 1 0 "$2.60"
18 2 0 "Graf Zepp"
18 3 0 "elin, Blu"
18 4 0 "e"
18 6 3 2350
18 7 3 1950
18 8 3 1300
18 9 3 1250
18 10 3 850
18 11 0 "    n"
19 0 0 "C16"
19 1 0 "54"
19 2 0 "Winged Gl"
19 3 0 "obe, Viol"
19 4 0 "et"
19 5 0 " 11x10."
19 6 3 12
19 7 3 10
19 8 3 6.5
19 9 3 .5
19 10 3 .3
19 11 0 "    n"
20 0 0 "C17"
20 1 0 "84"
20 2 0 "Winged Gl"
20 3 0 "obe (1932"
20 4 0 ")"
20 5 0 " 11x10."
20 6 3 5
20 7 3 4.25
20 8 3 2.75
20 9 3 .3
20 10 3 .2
20 11 0 "    n"
21 0 0 "C18"
21 1 0 "504"
21 2 0 "Graf Zepp"
21 3 0 "elin, Gre"
21 4 0 "en"
21 6 3 210
21 7 3 165
21 8 3 115
21 9 3 150
21 10 3 105
21 11 0 "    n"
22 0 0 "C19"
22 1 0 "64"
22 2 0 "Winged Gl"
22 3 0 "obe, Oran"
22 4 0 "ge"
22 6 3 6
22 7 3 5
22 8 3 3
22 9 3 .11
22 10 3 .07
22 11 0 "    n"
23 0 0 "C20"
23 1 0 "254"
23 2 0 "China Cli"
23 3 0 "pper"
23 6 3 65
23 7 3 55
23 8 3 4
23 9 3 3.5
23 10 3 1.75
23 11 0 "    n"
24 0 0 "C21"
24 1 0 "204"
24 2 0 "China Cli"
24 3 0 "pper (193"
24 4 0 "7)"
24 6 3 315
24 7 3 265
24 8 3 26.5
24 9 3 22.5
24 10 3 2.35
24 11 0 "    n"
25 0 0 "C22"
25 1 0 "504"
25 2 0 "China Cli"
25 3 0 "pper (193"
25 4 0 "7)"
25 6 3 315
25 7 3 265
25 8 3 26.5
25 9 3 22.50
25 10 3 6.75
25 11 0 "    n"
-1 -1 0 END
