 6768.75
 3875
 6125
 12487.5
 1633.75
 52
 3678.75
 10000
 44620
13 Sep 88
 7200
 3743.75
 5187.5
 12347.1
 1672
 54
 3526.88
 12000
 45731.2
15 Sep 88
 6496.88
 3656.25
 4875
 12192.6
 1705
 56.875
 3307.5
 9000
 41290.1
20 Sep 88
 6159.38
 3612.5
 5125
 12102.5
 1696.75
 58.125
 3240
 9500
 41494.3
24 SEP 88
 6075
 3600
 5500
 12154
 1710.5
 59
 3307.5
 9500
 41906
26 SEP 88
 5653.13
 3475
 6375
 11896.5
 1751.75
 57.375
 3645
 8330
 41183.8
01 OCT 88

