0 'DEFORM.100 v1.0  (c) 1988
1 'by Wilson Van Alst [76576,2735]
2 '
3 'Run this BASIC program to create
4 'DEFORM.CO, a machine language pgm
5 'that DE-FORMats text files in RAM.
6 'Successive passes through DEFORM
7 'will remove formatting in "layers",
8 'for files accidentally formatted
9 'more than once.
10 'DEFORM runs in the AltLCD buffer
11 'and should not conflict with other
12 'm/l programs kept above HIMEM.
13 '
20 READW,V,A:FORI=WTOV:READY:POKEI,Y:C=C+Y:NEXT:IFC=ATHENSAVEM"deform",W,V,W:MENU:ELSEPRINT"Data error!":BEEP:END
900 DATA 64704,64983,44127
64704 DATA 205,49,66,205,58,31,33
64711 DATA 20,94,205,145,87,205,62
64718 DATA 70,215,200,205,236,37,17
64725 DATA 147,252,205,232,15,167,202
64732 DATA 228,252,18,35,19,195,215
64739 DATA 252,205,160,32,202,192,252
64746 DATA 235,34,212,253,34,214,253
64753 DATA 205,191,253,254,26,202,16
64760 DATA 253,126,254,13,194,241,252
64767 DATA 35,35,126,254,13,194,241
64774 DATA 252,1,2,0,205,159,107
64781 DATA 195,1,253,42,212,253,126
64788 DATA 254,26,202,54,253,254,32
64795 DATA 194,48,253,229,215,193,229
64802 DATA 8,235,42,214,253,223,218
64809 DATA 47,253,235,34,214,253,225
64816 DATA 205,191,253,195,19,253,33
64823 DATA 0,0,34,214,253,42,212
64830 DATA 253,126,254,32,194,79,253
64837 DATA 229,42,214,253,68,77,225
64844 DATA 205,159,107,205,191,253,254
64851 DATA 26,202,90,253,195,63,253
64858 DATA 42,212,253,229,205,191,253
64865 DATA 193,254,26,202,121,253,229
64872 DATA 8,235,42,214,253,223,210
64879 DATA 117,253,235,34,214,253,225
64886 DATA 195,93,253,42,212,253,229
64893 DATA 205,191,253,193,254,26,202
64900 DATA 192,252,126,254,33,218,124
64907 DATA 253,229,8,40,15,42,214
64914 DATA 253,223,225,210,124,253,1
64921 DATA 3,0,8,126,9,254,46
64928 DATA 202,124,253,254,63,202,124
64935 DATA 253,254,33,202,124,253,254
64942 DATA 58,202,124,253,43,54,32
64949 DATA 43,1,1,0,205,159,107
64956 DATA 195,124,253,205,118,118,126
64963 DATA 254,26,200,254,13,35,194
64970 DATA 191,253,126,254,10,194,191
64977 DATA 253,35,201,255,255,255,255
