0 'ZIPFYI.100	(c)1989 Wilson Van Alst	v100/1.2	 All rights reserved.
1 'Loader for ZIPFYI.CO - an AltLCD
2 ' utility that searches text files
3 ' for strings -- and appends records
4 ' containing those strings to a file
5 ' file named MATCH.DO.
10 READT,E:FORR=TTOE:PRINT@90,R;:READY:POKER,Y:C=C+Y:NEXT:READK:IFK-CTHENPRINT"Bad data":ENDELSESAVEM"ZIPFYI",T,E,T:DATA64704,64904,33,192,252,34,82,246,205,49,66,205,58,31,205,105,253,70,105,108,101,0,200,205,250,33,205,11,76,205,160,32,196
11 DATA116,253,202,192,252,205,105,253,70,105,110,100,0,202,192,252,17,228,252,213,34,244,246,205,15,34,34,246,246,235,1,0,0,197,42,244,246,205,63,92,193,210,30,253,205,118,118,26,254,26,202,30,253,3,19,254,10,194,14,253,195,0,253,121,176,200
12 DATA197,205,76,34,33,209,101,205,6,34,210,52,253,229,33,246,246,53,225,205,76,34,205,45,107,193,205,109,107,216,235,42,246,246,35,223,218,73,253,9,235,42,244,246,205,63,92,208,42,98,251,205,118,118,26,254,26,200,119,19,35,254,10,194,87,253
13 DATA34,98,251,195,74,253,227,205,162,17,227,205,62,70,35,5,201,33,147,252,17,209,101,6,5,26,205,233,15,190,192,35,19,5,194,124,253,201,27687
