0 'ZIPSRT.100  (c)1989 Wilson Van Alst			  All rights reserved.
1 READT,E:FORR=TTOE:READY:POKER,Y:C=C+Y:PRINT@90,R;:NEXT:IFC-40048THENPRINT"Bad data":ENDELSESAVEM"zipsrt",T,E,T
2 PRINT"Load OK"
99 DATA 64704,64986
100 DATA 205,58,31,205,203,253,115,111,114,116,0,200,205,49,66,175,245,205,6,34
101 DATA 209,208,34,106,253,90,22,0,195,5,253,34,106,253,126,254,26,200,231,35
103 DATA 254,10,194,226,252,229,6,8,33,213,253,205,88,90,5,194,240,252,205,203
104 DATA 253,99,111,108,0,205,235,8,225,123,178,202,223,252,27,235,34,153,253,235
105 DATA 205,45,107,1,2,0,205,109,107,54,13,35,54,10,42,182,251,229,33,206
106 DATA 255,57,193,8,34,57,253,42,106,253,229,205,169,253,193,202,72,253,8,235
107 DATA 33,0,0,223,216,42,153,253,223,208,42,125,253,195,46,253,42,106,253,93
108 DATA 84,205,169,253,200,205,152,253,42,125,253,210,75,253,205,122,69,34,113,253
109 DATA 235,42,182,251,229,205,193,253,213,33,0,0,34,125,253,235,33,0,0,205
110 DATA 152,253,212,169,253,210,111,253,1,0,0,42,113,253,229,8,77,68,225,43
111 DATA 209,205,230,107,209,42,125,253,229,205,193,253,225,195,75,253,1,0,0,9
112 DATA 235,9,26,190,192,254,13,200,35,19,195,158,253,235,205,109,92,235,34,125
113 DATA 253,126,254,26,200,254,13,192,1,2,0,205,159,107,195,177,253,26,119,254
114 DATA 10,200,35,19,195,193,253,227,205,88,90,227,205,62,70,215,201,197,197,197
115 DATA 197,168,0
