0 'DEFORM.200 v1.0  (c) 1988
1 'by Wilson Van Alst [76576,2735]
2 '
3 'Run this BASIC program to create
4 'DEFORM.CO, a machine language pgm
5 'that DE-FORMats text files in RAM.
6 'Successive passes through DEFORM
7 'will remove formatting in "layers",
8 'for files accidentally formatted
9 'more than once.
10 'DEFORM runs in the AltLCD buffer
11 'and should not conflict with other
12 'm/l programs kept above HIMEM.
13 '
20 READW,V,A:FORI=WTOV:READY:POKEI,Y:C=C+Y:NEXT:IFC=ATHENSAVEM"deform",W,V,W:MENUELSEBEEP:PRINT"Data Error!":END
 900 DATA 63574 , 63853 , 42121 
63574 DATA 205,77,79,205,42,42,33
63581 DATA 197,113,205,158,103,205,240
63588 DATA 84,215,200,205,81,51,17
63595 DATA 70,247,205,19,16,167,202
63602 DATA 122,248,18,35,19,195,109
63609 DATA 248,205,189,43,202,86,248
63616 DATA 235,34,106,249,34,108,249
63623 DATA 205,85,249,254,26,202,166
63630 DATA 248,126,254,13,194,135,248
63637 DATA 35,35,126,254,13,194,135
63644 DATA 248,1,2,0,205,218,130
63651 DATA 195,151,248,42,106,249,126
63658 DATA 254,26,202,204,248,254,32
63665 DATA 194,198,248,229,215,193,229
63672 DATA 8,235,42,108,249,223,218
63679 DATA 197,248,235,34,108,249,225
63686 DATA 205,85,249,195,169,248,42
63693 DATA 106,249,126,254,32,194,223
63700 DATA 248,229,42,108,249,68,77
63707 DATA 225,205,218,130,205,85,249
63714 DATA 254,26,202,234,248,195,207
63721 DATA 248,33,0,0,34,108,249
63728 DATA 42,106,249,229,205,85,249
63735 DATA 193,254,26,202,15,249,229
63742 DATA 8,235,42,108,249,223,210
63749 DATA 11,249,235,34,108,249,225
63756 DATA 195,243,248,42,106,249,229
63763 DATA 205,85,249,193,254,26,202
63770 DATA 86,248,126,254,33,218,18
63777 DATA 249,229,8,40,15,42,108
63784 DATA 249,223,225,210,18,249,1
63791 DATA 3,0,8,126,9,254,46
63798 DATA 202,18,249,254,63,202,18
63805 DATA 249,254,33,202,18,249,254
63812 DATA 58,202,18,249,43,54,32
63819 DATA 43,1,1,0,205,218,130
63826 DATA 195,18,249,205,201,143,126
63833 DATA 254,26,200,254,13,35,194
63840 DATA 85,249,126,254,10,194,85
63847 DATA 249,35,201,255,255,255,255
