0 'After running, lines 0-8 can be deleted, just as long as FCHK.CO coexists with FCHK.BA"
1 DATA58,255,255,79,12,13,194,100,248,62,1,50,254,255,205,125,112,200,254,26,200,33,253,255,183,242,115,248,52,43,134,119,210
2 DATA91,248,43,52,194,91,248,43,52,195,91,248,33,112,239,14,255,26,119,35,19,13,202,149,248,254,32,194,136,248,175,119,201,50
3 DATA255,255,205,189,43,235,34,248,255,33,0,0,34,250,255,34,252,255,33,0,0,34,253,255,42,248,255,229,235,205,86,248,235,34,248
4 DATA255,209,245,205,131,248,58,254,255,183,202,230,248,33,22,249,205,204,17,33,112,239,205,204,17,33,28,249,205,204,17,103,58
5 DATA255,255,111,205,11,71,205,62,79,58,253,255,183,202,15,249,245,33,22,249,205,204,17,33,112,239,205,204,17,33,44,249,205
6 DATA204,17,103,241,111,205,11,71,33,49,249,205,204,17,205,62,79,241,254,26,200,195,171,248,76,105,110,101,32,0,101,120,99,101
7 DATA101,100,115,32,108,101,110,103,116,104,32,0,104,97,115,32,0,32,103,114,97,112,104,105,99,115,32,99,104,97,114,115,0
8 FORL=63574TO63808:READD:POKEL,D:NEXT:SAVEM"FCHK",63574,63808
10 L=132
15 LOADM"FCHK":ONERRORGOTO60
20 CLS:FILES:PRINT "File to check? <CR>=Menu/";:LINEINPUTF$:IFF$=""THENMENUELSEOPENF$FORINPUTAS1:CLOSE:CALL 63640,L
40 PRINT"Checksum= ";USING"###,###,###";PEEK(65532)+PEEK(65531)*256+PEEK(65530)*65536
50 PRINT"Do another one? ";:R$=INPUT$(1):IFINSTR("Yy",R$)THEN20ELSEMENU
60 BEEP:PRINT"File not found.":SOUND0,70:GOTO20

