10 REM HXFER.200
20 REM Converts .CO to .DO file and vice versa
30 REM James Yi 73327,1653 04/27/88
40 REM This is a BASIC program that creates HXFER.CO, the actual program.
50 REM Instructions are in HXFER.DOC
60 READS:CLEAR200,S
70 F$="hxfer"
80 PRINT"Loading "F$:READS,E:FORA=STOE:READB:POKEA,B:NEXT:SAVEMF$,S,E,S:PRINT"Done!":BEEP
100 DATA 60225,61099
110 DATA 205,220,131,33,25,237,34,52,239,205,85,113,205,230,92,205,98,44,205,77,79,205,42,42,33,113,238,205,158,103,205,247,18
120 DATA 254,13,202,0,0,214,49,202,117,235,61,202,88,237,61,194,74,235,199,33,20,238,205,158,103,205,240,84,215,202,74,235,62
130 DATA 1,205,233,237,62,1,205,126,91,14,6,17,251,244,205,226,236,18,19,13,194,145,235,33,0,0,34,63,247,33,29,238,205,158,103
140 DATA 205,246,84,215,229,42,251,244,235,225,196,22,9,42,251,244,68,77,235,8,34,163,238,229,205,166,43,196,44,43,205,98,44,205
150 DATA 102,48,62,1,205,126,91,205,166,43,193,237,9,217,19,19,19,19,237,124,181,202,226,235,9,217,19,19,42,251,244,66,75,8,34
160 DATA 169,238,42,253,244,68,77,213,197,205,226,236,218,56,237,18,19,11,120,177,194,244,235,193,42,251,244,9,43,34,253,244,225
170 DATA 9,34,255,244,8,235,205,121,236,26,19,205,134,236,254,3,194,75,236,42,169,238,25,68,77,42,167,238,8,194,52,236,245,205
180 DATA 121,236,241,195,74,236,237,68,77,42,251,244,8,210,74,236,42,253,244,8,218,74,236,42,163,238,9,217,19,254,2,212,135,85
190 DATA 66,75,42,255,244,43,8,210,21,236,42,167,238,124,181,202,74,235,235,42,169,238,68,77,235,8,235,237,68,77,42,163,238,9
200 DATA 217,205,121,236,195,90,236,205,226,236,50,167,238,205,226,236,50,168,238,201,254,63,218,147,236,254,194,210,147,236,62
210 DATA 1,201,71,254,237,202,144,236,230,247,254,211,202,172,236,230,199,254,198,202,172,236,254,6,194,175,236,62,2,201,120,230
220 DATA 239,254,40,202,172,236,230,207,254,1,202,223,236,254,205,202,223,236,120,230,231,254,34,202,223,236,120,254,194,218,144
230 DATA 236,254,195,202,223,236,230,7,202,144,236,31,218,144,236,62,3,201,205,254,236,254,26,202,251,236,7,7,7,7,103,229,205,254
240 DATA 236,225,254,26,202,251,236,180,201,175,55,201,205,54,93,254,26,200,214,48,218,254,236,254,10,216,254,17,218,254,236,254
250 DATA 23,210,254,236,214,7,201,123,254,52,202,44,237,254,7,202,68,237,254,55,202,50,237,195,166,4,33,98,238,195,71,237,33,84
260 DATA 238,195,71,237,205,166,43,205,44,43,33,3,238,195,71,237,33,172,105,229,205,230,92,225,205,158,103,205,69,79,205,14,98
270 DATA 195,74,235,33,59,238,205,158,103,205,240,84,215,202,74,235,205,67,45,205,202,90,205,166,43,202,44,237,205,191,45,33,68
280 DATA 238,205,158,103,205,240,84,215,202,74,235,62,2,205,233,237,205,98,44,62,1,205,126,91,205,191,45,205,166,43,33,165,238
290 DATA 54,128,35,54,0,213,19,19,237,1,6,0,9,68,77,209,205,180,237,19,11,120,177,194,167,237,195,74,235,26,15,15,15,15,205,189
300 DATA 237,26,230,15,254,10,218,198,237,198,7,198,48,205,217,237,33,165,238,53,192,54,128,62,13,205,217,237,62,10,205,5,90,33
310 DATA 166,238,53,192,58,171,238,254,248,192,20,201,245,205,67,45,205,202,90,194,245,237,22,248,122,50,171,238,33,7,0,241,95
320 DATA 62,1,195,209,91,67,111,114,114,117,112,116,32,72,101,120,32,70,105,108,101,0,46,68,79,32,70,105,108,101,0,76,111,97,100
330 DATA 32,97,116,63,32,40,60,67,82,62,32,102,111,114,32,68,101,102,97,117,108,116,41,58,32,0,46,67,79,32,70,105,108,101,0,72
340 DATA 101,120,32,79,117,116,112,117,116,32,70,105,108,101,0,66,97,100,32,102,105,108,101,32,110,97,109,101,0,70,105,108,101
350 DATA 32,110,111,116,32,102,111,117,110,100,0,13,10,49,41,32,120,46,68,79,32,45,45,62,32,120,46,67,79,13,10,50,41,32,120,46
360 DATA 68,79,32,60,45,45,32,120,46,67,79,13,10,51,41,32,69,120,105,116,13,10,10,63,0,0,0,0,0,0,0,0,0,0
