0 'ZIPFYI.200	(c)1989 Wilson Van Alst	v200/1.2;	  All rights reserved.
1 'Loader for ZIPFYI.CO, an AltLCD
2 ' program that searches DO files
3 ' for strings, and appends records
4 ' containing the strings to a file
5 ' called MATCH.DO
6 '
10 READT,E:FORR=TTOE:READY:PRINT@90,R;:POKER,Y:C=C+Y:NEXT:READK:IFC-KTHENPRINT"Data Error":ENDELSESAVEM"ZIPFYI",T,E,T:MENU:DATA63574,63774,33,86,248,34,52,239,205,77,79,205,42,42,205,255,248,70,105,108,101,0,200,205,67,45,205,202,90,205,189,43
11 DATA196,10,249,202,86,248,205,255,248,70,105,110,100,0,202,86,248,17,122,248,213,34,70,240,205,124,45,34,72,240,235,1,0,0,197,42,70,240,205,66,112,193,210,180,248,205,201,143,26,254,26,202,180,248,3,19,254,10,194,164,248,195,150,248,121
12 DATA176,200,197,205,191,45,33,198,121,205,115,45,210,202,248,229,33,72,240,53,225,205,191,45,205,104,130,193,205,168,130,216,235,42,72,240,35,223,218,223,248,9,235,42,70,240,205,66,112,208,42,21,246,205,201,143,26,254,26,200,119,19,35,254
13 DATA10,194,237,248,34,21,246,195,224,248,227,205,204,17,227,205,240,84,35,5,201,33,70,247,17,198,121,6,5,26,205,20,16,190,192,35,19,5,194,18,249,201,28182
