0 'ZIPSUB.200	(c)1989 Wilson Van Alst	v5.00		  All rights reserved.
1 'Run this program to make ZIPSUB.CO,
2 '  a machine language Search/Replace
3 '  utility that runs in the AltLCD
4 '  buffer and works on RAM files
5 '  in place.  Read ZIPSUB.DOC for
6 '  more.
10 READT,E,X:FORR=TTOE:PRINT@90,R:READY:POKER,Y:C=C+Y:NEXT:READK:IFC-KTHENPRINT"Bad Data":BEEPELSESAVEM"ZIPSUB",T,E,X:MENU:DATA63574,63847,63574,205,77,79,205,42,42,205,81,249,70,105,108,101,0,200,235,33,86,248,34,52,239,229,235,95,205,202,90
11 DATA205,189,43,200,205,81,249,27,106,70,105,110,100,0,208,17,118,248,213,50,246,248,17,212,239,205,183,121,205,81,249,32,83,117,98,0,218,167,248,192,205,54,249,68,101,108,101,116,101,7,0,200,175,50,247,248,205,54,249,27,77,65,115,107,0,254
12 DATA81,200,50,202,248,205,124,45,235,33,212,239,205,66,112,208,205,201,143,105,96,62,0,167,202,245,248,229,205,77,79,223,204,37,249,26,254,26,202,228,248,231,19,254,10,194,211,248,205,54,249,83,117,98,0,225,194,245,248,167,192,35,195,188
13 DATA248,1,0,0,120,167,202,31,249,17,112,239,26,119,5,35,19,202,30,249,13,194,0,249,72,6,0,213,205,168,130,209,218,136,116,65,205,186,65,195,188,248,13,205,218,130,195,188,248,58,21,239,47,50,21,239,167,200,58,246,248,79,6,0,9,201,227,205
14 DATA204,17,227,33,96,249,205,204,17,205,25,159,254,81,200,214,78,200,254,11,194,59,249,167,201,227,205,204,17,227,205,240,84,35,5,120,200,254,80,201,63,32,89,47,78,47,81,0,037942
