0 'ZIPSRT.200  (C)1989 WILSON VAN ALST			 ALL RIGHTS RESERVED.
1 READT,E:FORR=TTOE:READY:POKER,Y:PRINT@130,I:C=C+Y:NEXT:IFC-37690THENPRINT"Bad data":BEEP:ENDELSESAVEM"zipsrt",T,E,T:MENU
99 DATA 63574,63853
100 DATA 205,42,42,205,100,249,83,111,114,116,0,200,205,77,79,175,245,205,115,45
101 DATA 209,208,34,3,249,90,22,0,195,158,248,34,3,249,126,254,26,200,231,35
102 DATA 254,10,194,120,248,229,6,8,205,254,109,197,197,197,197,168,0,5,194,134
103 DATA 248,205,100,249,67,111,108,0,205,22,9,225,123,178,202,117,248,27,235,34
104 DATA 50,249,235,205,104,130,1,2,0,205,168,130,54,13,35,54,10,42,105,246
105 DATA 229,33,206,255,57,193,8,34,210,248,42,3,249,229,205,66,249,193,202,225
106 DATA 248,8,235,33,0,0,223,216,42,50,249,223,208,42,22,249,195,199,248,42
107 DATA 3,249,93,84,205,66,249,200,205,49,249,42,22,249,210,228,248,205,101,83
108 DATA 34,10,249,235,42,105,246,229,205,90,249,213,33,0,0,34,22,249,235,33
109 DATA 0,0,205,49,249,212,66,249,210,8,249,1,0,0,42,10,249,229,8,77
110 DATA 68,225,43,209,205,33,131,209,42,22,249,229,205,90,249,225,195,228,248,1
111 DATA 0,0,9,235,9,26,190,192,254,13,200,35,19,195,55,249,235,205,118,112
112 DATA 235,34,22,249,126,254,26,200,254,13,192,1,2,0,205,218,130,195,74,249
113 DATA 26,119,254,10,200,35,19,195,90,249,227,205,246,109,227,205,240,84,215,201
