1 DIMZ(11)
3 FOR D=33TO126
4 IFD=39 OR D=44 OR D=59 ORD=103 ORD=106 ORD=112 OR D=113 OR D=121 THENE=68 ELSE E=65
5 FOR Z=0TO10:READB(Z):NEXT
8 LPRINTCHR$(27);"%";CHR$(E);CHR$(D);CHR$(B(0));CHR$(B(1));CHR$(B(2));CHR$(B(3));CHR$(B(4));CHR$(B(5));CHR$(B(6));CHR$(B(7));CHR$(B(8));CHR$(B(9));CHR$(B(10))
11 NEXTD
33 DATA0,0,64,0,0,8,4,2,1,0,0
34 DATA0,0,0,4,2,1,4,2,1,0,0
35 DATA16,32,20,8,20,34,20,8,20,2,5
36 DATA0,32,0,64,44,80,10,84,34,1,2
37 DATA0,3,68,33,20,107,20,66,17,96,0
38 DATA0,0,0,32,64,22,73,16,37,2,80
39 DATA0,0,0,64,24,32,24,0,0,0,0
40 DATA0,0,0,56,68,2,0,1,0,0,0
41 DATA0,0,64,0,33,18,12,0,0,0,0
42 DATA0,16,64,42,20,11,116,10,17,36,0
43 DATA0,0,8,32,24,0,12,2,8,0,0
44 DATA0,0,0,64,24,32,24,0,0,0,0
45 DATA0,0,8,0,8,0,8,0,8,0,0
46 DATA0,0,0,0,96,0,96,0,0,0,0
47 DATA0,0,64,32,16,8,4,2,1,0,0
48 DATA96,16,72,4,66,5,40,17,8,7,2
49 DATA0,64,0,64,32,82,8,5,2,1,0
50 DATA0,64,0,98,1,80,1,72,1,6,0
51 DATA 0,32,64,0,64,10,64,41,16,5,6
52 DATA 16,0,8,16,68,48,2,24,5,2,1
53 DATA0,72,4,74,1,72,1,72,49,0,1
54 DATA0,56,64,12,64,10,64,41,16,1,0
55 DATA0,0,2,0,65,32,17,8,5,2,1
56 DATA32,80,8,68,10,65,8,49,8,5,2
57 DATA32,68,10,65,8,65,40,17,8,5,2
58 DATA0,0,0,0,108,0,108,0,0,0,0
59 DATA0,0,0,64,27,32,27,0,0,0,0
60 DATA0,0,8,0,20,0,34,0,65,0,0
61 DATA0,16,4,16,4,16,4,16,4,0,0
62 DATA0,0,65,0,34,0,20,0,8,0,0
63 DATA0,0,0,64,0,18,8,1,4,1,2
64 DATA16,8,0,100,16,74,0,122,0,68,56
65 DATA96,16,8,16,4,16,2,80,33,18,12
66 DATA64,32,80,8,69,2,73,0,73,48,7
67 DATA32,80,8,68,2,65,0,65,32,1,2
68 DATA64,32,80,8,69,2,65,32,17,10,4
69 DATA96,16,72,4,74,1,72,32,1,2,1
70 DATA96,16,8,4,10,1,8,1,0,1,0
71 DATA48,72,4,66,0,65,40,1,8,19,0
72 DATA96,16,8,4,10,65,40,16,8,4,3
73 DATA64,0,64,32,80,8,5,2,1,0,1
74 DATA 32,64,0,64,1,32,17,8,1,4,3
75 DATA96,16,8,4,10,1,20,32,2,64,1
76 DATA96,16,72,4,66,1,64,0,64,32,0
77 DATA96,16,8,4,2,0,15,0,4,66,61
78 DATA96,16,8,4,2,1,126,0,32,16,15
79 DATA32,80,8,68,2,65,32,17,8,5,2
80 DATA64,32,16,8,21,2,17,0,17,8,7
81 DATA32,80,8,68,50,65,32,17,8,5,2
82 DATA64,32,16,8,21,2,49,64,17,72,7
83 DATA0,64,4,74,1,72,1,72,33,16,1
84 DATA64,32,17,8,5,2,1,0,1,0,1
85 DATA32,80,8,68,2,65,32,16,8,4,3
86 DATA0,0,0,63,64,32,16,8,4,2,1
87 DATA112,8,36,2,17,8,48,64,32,16,15
88 DATA64,32,0,17,2,12,16,100,0,2,1
89 DATA0,0,0,65,34,18,8,4,0,2,1
90 DATA96,0,80,1,72,1,68,1,2,1,0
91 DATA64,32,80,8,68,2,1,0,1,0,1
92 DATA0,0,1,2,4,8,16,32,64,0,0
93 DATA64,0,64,0,64,32,17,8,5,2,1
94 DATA0,16,8,4,2,1,2,4,8,16,0
95 DATA0,0,8,0,8,0,8,0,8,0,0
96 DATA0,0,0,0,12,2,12,1,0,0,0
97 DATA0,32,80,0,84,0,84,32,84,8,0
98 DATA64,32,80,8,69,2,69,32,20,8,0
99 DATA0,32,80,8,68,0,68,0,4,8,0
100 DATA32,80,8,68,0,68,32,84,8,4,3
101 DATA0,32,80,8,80,4,80,4,16,12,0
102 DATA0,0,104,16,8,4,10,1,0,1,2
103 DATA64,8,84,2,81,32,17,8,5,2,0
104 DATA64,32,16,8,5,2,69,32,20,8,0
105 DATA0,64,0,64,32,84,8,4,1,0,0
106 DATA32,0,64,0,64,32,17,8,5,2,1
107 DATA0,96,16,8,4,10,17,36,64,2,0
108 DATA0,0,64,32,80,8,5,2,1,0,0
109 DATA96,20,8,4,64,44,16,8,68,32,28
110 DATA0,68,32,20,8,4,0,68,32,28,0
111 DATA32,80,8,68,0,68,0,68,32,20,8
112 DATA64,32,16,8,21,2,17,0,17,8,7
113 DATA0,4,10,65,40,81,8,69,2,1,0
114 DATA0,64,32,20,8,4,0,4,0,8,0
115 DATA0,64,0,64,8,80,4,80,36,0,4
116 DATA0,0,96,20,72,4,34,4,0,0,0
117 DATA0,112,8,68,0,64,32,80,8,4,0
118 DATA0,0,0,124,0,32,16,8,4,0,0
119 DATA48,72,4,32,16,32,64,32,16,8,4
120 DATA0,64,0,32,4,24,32,72,0,4,0
121 DATA64,8,84,2,81,32,16,8,4,2,1
122 DATA0,0,64,0,100,0,84,0,76,0,4
123 DATA0,8,32,88,0,68,2,1,0,1,0
124 DATA0,0,64,32,16,8,4,2,1,0,0
125 DATA0,64,0,64,33,24,5,10,0,0,0
126 DATA16,8,0,8,0,16,0,16,0,8,0
299 LPRINTCHR$(27);CHR$(48)
300 END
