1 READP:CLEAR256,P:READP,Q,R,A$:C=P+Q+R
2 PRINT"Working..."
3 FORJ=PTOQ:READX:C=C+X:POKEJ,X:NEXT:READZ
4 IFC<>ZTHENSOUND9394,9:PRINT"Checksum is wrong":END
5 BEEP:PRINT"Done.":SAVEMA$,P,Q,R

10 DATA61331,62960,61331,"arpege"

11 DATA33,47,243,34,238,245,33,0,0,34,44,244,205,246,243,235
12 DATA42,44,244,6,244,14,206,205,240,243,42,44,244,235,33,72
13 DATA0,25,34,42,244,42,44,244,6,244,14,206,205,233,243,235
14 DATA33,4,0,205,191,243,235,42,42,244,6,244,14,206,205,240
15 DATA243,42,44,244,235,33,1,0,25,34,44,244,42,44,244,235
16 DATA33,72,0,235,205,3,244,218,159,239,205,49,66,205,209,243
17 DATA32,32,32,32,32,32,32,32,32,32,32,32,65,114,112,101
18 DATA103,103,105,111,32,79,114,103,97,110,0,205,34,66,205,209
19 DATA243,32,32,32,32,32,80,111,108,121,112,104,111,110,105,99
20 DATA32,107,101,121,98,111,97,114,100,32,105,110,115,116,114,117
21 DATA109,101,110,116,46,0,205,34,66,205,209,243,32,32,32,32
22 DATA32,32,32,32,32,32,32,72,105,116,32,98,114,101,97,107
23 DATA32,116,111,32,113,117,105,116,46,0,205,34,66,205,209,243
24 DATA32,32,32,32,32,32,32,32,60,83,72,73,70,84,62,32
25 DATA106,117,109,112,115,32,50,32,111,99,116,97,118,101,115,46
26 DATA0,205,34,66,205,209,243,32,32,32,32,32,32,32,60,78
27 DATA85,77,62,32,116,117,114,110,115,32,111,110,32,65,114,112
28 DATA101,103,103,105,97,116,111,114,46,0,205,34,66,42,40,244
29 DATA235,33,0,0,223,202,190,240,195,197,240,33,197,240,229,195
30 DATA44,242,33,0,0,34,38,244,33,0,0,34,40,244,33,216
31 DATA240,229,195,93,242,33,7,0,6,244,14,46,205,233,243,235
32 DATA33,0,0,223,202,7,241,33,0,0,34,36,244,205,66,114
33 DATA38,0,111,34,36,244,42,36,244,235,33,0,0,223,202,85
34 DATA242,195,234,240,42,38,244,6,244,14,62,205,233,243,235,33
35 DATA255,255,223,202,176,240,33,0,0,6,244,14,46,205,233,243
36 DATA235,33,0,0,223,202,52,241,33,72,0,34,34,244,195,79
37 DATA241,33,5,0,6,244,14,46,205,233,243,235,33,0,0,223
38 DATA202,73,241,195,43,241,33,0,0,34,34,244,42,38,244,6
39 DATA244,14,62,205,233,243,34,32,244,42,34,244,235,42,32,244
40 DATA25,34,30,244,42,30,244,6,244,14,206,205,233,243,34,32
41 DATA244,42,32,244,235,33,0,0,223,202,244,241,33,1,0,34
42 DATA40,244,42,32,244,235,33,0,1,205,191,243,235,34,28,244
43 DATA42,28,244,125,211,188,42,32,244,235,33,0,1,205,191,243
44 DATA34,28,244,42,28,244,235,33,127,0,205,226,243,34,28,244
45 DATA42,28,244,235,33,64,0,205,219,243,34,28,244,42,28,244
46 DATA125,211,189,33,195,0,125,211,184,219,186,38,0,111,34,28
47 DATA244,42,28,244,235,33,219,0,205,226,243,34,28,244,42,28
48 DATA244,235,33,32,0,205,219,243,34,28,244,42,28,244,125,211
49 DATA186,42,38,244,235,33,1,0,25,34,38,244,42,38,244,235
50 DATA42,26,244,205,3,244,218,176,240,42,40,244,235,33,0,0
51 DATA223,202,209,240,33,4,0,6,244,14,46,205,233,243,235,33
52 DATA0,0,223,202,176,240,195,209,240,219,186,38,0,111,34,28
53 DATA244,42,28,244,235,33,223,0,205,226,243,34,28,244,42,28
54 DATA244,235,33,4,0,205,219,243,34,28,244,42,28,244,125,211
55 DATA186,201,33,92,242,229,195,44,242,201,33,0,0,34,26,244
56 DATA33,154,255,34,24,244,33,0,0,34,22,244,42,24,244,126
57 DATA38,0,111,34,20,244,33,0,0,34,18,244,33,1,0,34
58 DATA16,244,42,20,244,235,42,16,244,205,226,243,34,14,244,42
59 DATA14,244,235,33,0,0,223,202,160,242,195,177,242,33,0,0
60 DATA235,42,18,244,6,244,14,46,205,240,243,195,216,242,42,22
61 DATA244,235,42,26,244,6,244,14,62,205,240,243,42,26,244,235
62 DATA33,1,0,25,34,26,244,33,1,0,235,42,18,244,6,244
63 DATA14,46,205,240,243,42,18,244,235,33,1,0,25,34,18,244
64 DATA42,16,244,235,42,16,244,25,34,16,244,42,22,244,235,33
65 DATA1,0,25,34,22,244,42,18,244,235,33,8,0,235,205,3
66 DATA244,218,133,242,42,24,244,235,33,1,0,25,34,24,244,42
67 DATA24,244,235,33,163,255,235,205,3,244,218,111,242,33,255,255
68 DATA235,42,26,244,6,244,14,62,205,240,243,201,178,36,176,32
69 DATA32,29,120,27,125,24,210,21,112,19,81,17,224,38,162,34
70 DATA220,30,0,0,242,25,30,23,152,20,0,0,89,18,88,16
71 DATA144,14,188,13,62,12,233,10,184,9,44,9,44,8,72,7
72 DATA222,6,110,15,0,0,89,18,88,16,144,14,112,19,81,17
73 DATA110,15,0,0,249,12,143,11,76,10,0,0,168,8,183,7
74 DATA0,0,124,6,0,0,0,0,0,0,0,0,0,0,31,6
75 DATA164,43,250,48,0,0,0,0,0,0,0,0,0,0,0,0
76 DATA0,0,0,0,0,0,0,0,0,0,0,0,0,0,48,41
77 DATA0,0,0,0,0,0,0,0,0,0,0,0,124,181,200,235
78 DATA66,75,17,0,0,19,8,210,200,243,27,9,235,201,225,126
79 DATA35,229,183,200,231,195,209,243,124,178,103,125,179,111,201,124
80 DATA162,103,125,163,111,201,41,9,126,35,102,111,201,41,9,115
81 DATA35,114,201,42,238,245,78,35,70,35,34,238,245,96,105,201
82 DATA124,238,128,103,122,238,128,87,223,201,141,0,0,0,0,0
83 DATA0,0,0,0,0,0,0,0,0,0,0,0,0,0,0,0
84 DATA0,0,0,0,0,0,0,0,0,0,0,0,0,0,0,0
85 DATA0,0,0,0,0,0,0,0,0,0,0,0,0,0,0,0
86 DATA0,0,0,0,0,0,0,0,0,0,0,0,0,0,0,0
87 DATA0,0,0,0,0,0,0,0,0,0,0,0,0,0,0,0
88 DATA0,0,0,0,0,0,0,0,0,0,0,0,0,0,0,0
89 DATA0,0,0,0,0,0,0,0,0,0,0,0,0,0,0,0
90 DATA0,0,0,0,0,0,0,0,0,0,0,0,0,0,0,0
91 DATA0,0,0,0,0,0,0,0,0,0,0,0,0,0,0,0
92 DATA0,0,0,0,0,0,0,0,0,0,0,0,0,0,0,0
93 DATA0,0,0,0,0,0,0,0,0,0,0,0,0,0,0,0
94 DATA0,0,0,0,0,0,0,0,0,0,0,0,0,0,0,0
95 DATA0,0,0,0,0,0,0,0,0,0,0,0,0,0,0,0
96 DATA0,0,0,0,0,0,0,0,0,0,0,0,0,0,0,0
97 DATA0,0,0,0,0,0,0,0,0,0,0,0,0,0,0,0
98 DATA0,0,0,0,0,0,0,0,0,0,0,0,0,0,0,0
99 DATA0,0,0,0,0,0,0,0,0,0,0,0,0,0,0,0
100 DATA0,0,0,0,0,0,0,0,0,0,0,0,0,0,0,0
101 DATA0,0,0,0,0,0,0,0,0,0,0,0,0,0,0,0
102 DATA0,0,0,0,0,0,0,0,0,0,0,0,0,0,0,0
103 DATA0,0,0,0,0,0,0,0,0,0,0,0,0,0,0,0
104 DATA0,0,0,0,0,0,0,0,0,0,0,0,0,0,0,0
105 DATA0,0,0,0,0,0,0,0,0,0,0,0,0,0,0,0
106 DATA0,0,0,0,0,0,0,0,0,0,0,0,0,0,0,0
107 DATA0,0,0,0,0,0,0,0,0,0,0,0,0,0,0,0
108 DATA0,0,0,0,0,0,0,0,0,0,0,0,0,0,0,0
109 DATA0,0,0,0,0,0,0,0,0,0,0,0,0,0,0,0
110 DATA0,0,0,0,0,0,0,0,0,0,0,0,0,0,0,0
111 DATA0,0,0,0,0,0,0,0,0,0,0,0,0,0,0,0
112 DATA0,0,0,0,0,0,0,0,0,0,0,0,0,77,308294
