 0 
 0 
 0 
 0 
 0 
 0 
 0 
 0 
 0 
 0 
 0 
 0 
 0 
 0 
 0 
 0 
 0 
 0 
 0 
 0 
 0 
 0 
 0 
 0 
 0 
 0 
 0 
 0 
 0 
 0 
 0 
 0 
 0 
 0 
 0 
 0 
 1 
 1 
 1 
 2 
 2 
 2 
 2 
 4 
 4 
 4 
 8 
 8 
 9 
 17 
 18 
 34 
 36 
 41 
 50 
 84 
 127 
 109 
 254 
 255 
 255 
 92 
 122 
 85 
 42 
 41 
 36 
 38 
 18 
 17 
 8 
 8 
 8 
 4 
 4 
 4 
 2 
 2 
 2 
 2 
 1 
 1 
 1 
 0 
 0 
 0 
 0 
 0 
 0 
 0 
 0 
 0 
 0 
 0 
 0 
 0 
 0 
 0 
 0 
 0 
 0 
 0 
 0 
 0 
 0 
 0 
 0 
 0 
 0 
 0 
 0 
 0 
 0 
 0 
 0 
 0 
 0 
 0 
 0 
 0 
 0 
 0 
 0 
 0 
 0 
 0 
 0 
 0 
 0 
 0 
 0 
 0 
 0 
 0 
 0 
 0 
 0 
 0 
 0 
 0 
 0 
 0 
 0 
 0 
 0 
 1 
 6 
 7 
 31 
 63 
 124 
 127 
 119 
 190 
 181 
 180 
 42 
 41 
 43 
 42 
 36 
 36 
 44 
 50 
 34 
 33 
 97 
 99 
 164 
 40 
 48 
 96 
 163 
 174 
 48 
 224 
 47 
 240 
 32 
 255 
 32 
 224 
 63 
 224 
 48 
 44 
 227 
 96 
 48 
 44 
 165 
 227 
 97 
 34 
 34 
 50 
 42 
 36 
 36 
 38 
 43 
 41 
 42 
 178 
 189 
 190 
 119 
 127 
 127 
 62 
 29 
 11 
 6 
 1 
 0 
 0 
 0 
 0 
 0 
 0 
 0 
 0 
 0 
 0 
 0 
 0 
 0 
 0 
 0 
 0 
 0 
 0 
 0 
 0 
 0 
 0 
 0 
 0 
 0 
 0 
 0 
 0 
 0 
 0 
 0 
 0 
 0 
 0 
 0 
 0 
 0 
 0 
 0 
 0 
 0 
 0 
 0 
 0 
 1 
 3 
 4 
 8 
 48 
 67 
 140 
 17 
 225 
 30 
 226 
 255 
 8 
 240 
 30 
 225 
 112 
 204 
 195 
 48 
 136 
 140 
 67 
 67 
 60 
 16 
 40 
 72 
 133 
 7 
 129 
 143 
 178 
 196 
 68 
 68 
 79 
 120 
 168 
 40 
 16 
 255 
 16 
 40 
 40 
 248 
 79 
 68 
 68 
 194 
 178 
 143 
 3 
 5 
 133 
 200 
 40 
 16 
 44 
 35 
 67 
 132 
 8 
 176 
 195 
 204 
 80 
 224 
 31 
 232 
 255 
 4 
 230 
 31 
 225 
 152 
 132 
 99 
 16 
 24 
 4 
 2 
 1 
 0 
 0 
 0 
 0 
 0 
 0 
 0 
 0 
 0 
 0 
 0 
 0 
 0 
 0 
 0 
 0 
 0 
 0 
 0 
 0 
 0 
 0 
 0 
 0 
 0 
 0 
 0 
 0 
 0 
 0 
 0 
 3 
 2 
 13 
 51 
 34 
 196 
 4 
 9 
 30 
 57 
 97 
 193 
 66 
 143 
 242 
 4 
 4 
 255 
 8 
 8 
 8 
 241 
 31 
 28 
 168 
 112 
 120 
 206 
 65 
 64 
 192 
 160 
 145 
 142 
 62 
 195 
 0 
 0 
 128 
 192 
 71 
 120 
 160 
 16 
 8 
 5 
 5 
 255 
 6 
 13 
 8 
 16 
 144 
 124 
 67 
 128 
 128 
 0 
 128 
 195 
 58 
 142 
 177 
 160 
 192 
 64 
 65 
 206 
 120 
 96 
 184 
 20 
 31 
 249 
 8 
 8 
 255 
 4 
 4 
 4 
 242 
 143 
 194 
 65 
 225 
 57 
 22 
 11 
 4 
 196 
 34 
 18 
 13 
 4 
 3 
 0 
 0 
 0 
 0 
 0 
 0 
 0 
 0 
 0 
 0 
 0 
 0 
 0 
 0 
 0 
 0 
 0 
 0 
 0 
 0 
 7 
 31 
 63 
 127 
 239 
 110 
 173 
 75 
 75 
 78 
 94 
 233 
 137 
 137 
 8 
 8 
 15 
 120 
 136 
 9 
 10 
 14 
 255 
 24 
 40 
 200 
 136 
 136 
 120 
 15 
 8 
 8 
 8 
 137 
 110 
 28 
 238 
 137 
 8 
 9 
 11 
 148 
 84 
 57 
 62 
 212 
 54 
 81 
 80 
 144 
 16 
 16 
 255 
 16 
 144 
 144 
 80 
 81 
 54 
 216 
 62 
 57 
 84 
 150 
 18 
 17 
 16 
 145 
 118 
 28 
 118 
 145 
 16 
 16 
 16 
 23 
 120 
 144 
 144 
 80 
 112 
 255 
 24 
 20 
 19 
 17 
 16 
 248 
 23 
 16 
 16 
 145 
 145 
 241 
 153 
 87 
 83 
 181 
 181 
 118 
 219 
 255 
 63 
 31 
 3 
 0 
 0 
 0 
 0 
 0 
 0 
 0 
 0 
 0 
 0 
 0 
 0 
 0 
 1 
 62 
 192 
 255 
 224 
 222 
 49 
 206 
 62 
 241 
 200 
 68 
 35 
 32 
 16 
 9 
 135 
 188 
 218 
 99 
 65 
 192 
 32 
 32 
 255 
 16 
 16 
 16 
 8 
 9 
 9 
 198 
 63 
 31 
 106 
 210 
 18 
 34 
 65 
 129 
 225 
 28 
 2 
 1 
 31 
 224 
 0 
 0 
 0 
 128 
 128 
 96 
 17 
 26 
 255 
 27 
 17 
 96 
 128 
 128 
 0 
 0 
 0 
 224 
 31 
 1 
 2 
 28 
 225 
 193 
 65 
 33 
 34 
 146 
 106 
 31 
 126 
 143 
 10 
 9 
 16 
 16 
 16 
 255 
 32 
 32 
 32 
 192 
 65 
 115 
 146 
 252 
 135 
 11 
 16 
 33 
 34 
 70 
 200 
 241 
 62 
 207 
 112 
 159 
 224 
 255 
 224 
 30 
 1 
 0 
 0 
 0 
 0 
 0 
 0 
 0 
 0 
 0 
 0 
 31 
 224 
 0 
 1 
 255 
 12 
 112 
 240 
 15 
 1 
 195 
 52 
 12 
 51 
 192 
 193 
 62 
 248 
 8 
 7 
 3 
 5 
 132 
 72 
 104 
 255 
 48 
 80 
 72 
 135 
 26 
 34 
 193 
 1 
 224 
 30 
 1 
 0 
 0 
 0 
 0 
 0 
 128 
 143 
 241 
 113 
 77 
 35 
 39 
 46 
 50 
 52 
 84 
 148 
 8 
 255 
 8 
 20 
 212 
 52 
 50 
 46 
 39 
 67 
 77 
 113 
 240 
 143 
 128 
 0 
 0 
 0 
 0 
 0 
 1 
 62 
 192 
 1 
 193 
 50 
 138 
 135 
 72 
 80 
 254 
 49 
 104 
 72 
 132 
 6 
 3 
 7 
 4 
 248 
 62 
 193 
 192 
 51 
 12 
 52 
 194 
 1 
 15 
 240 
 112 
 12 
 255 
 0 
 0 
 240 
 30 
 1 
 0 
 0 
 0 
 0 
 0 
 0 
 15 
 240 
 3 
 12 
 48 
 195 
 255 
 12 
 48 
 33 
 193 
 122 
 7 
 12 
 8 
 16 
 223 
 240 
 78 
 129 
 128 
 1 
 1 
 129 
 97 
 18 
 26 
 255 
 14 
 53 
 196 
 8 
 8 
 8 
 16 
 144 
 80 
 80 
 224 
 63 
 48 
 72 
 69 
 135 
 254 
 139 
 49 
 64 
 128 
 0 
 192 
 48 
 12 
 3 
 0 
 0 
 0 
 255 
 0 
 0 
 0 
 3 
 12 
 48 
 192 
 0 
 128 
 64 
 177 
 139 
 254 
 71 
 69 
 72 
 80 
 63 
 224 
 96 
 80 
 144 
 16 
 8 
 8 
 8 
 196 
 53 
 14 
 255 
 26 
 50 
 65 
 129 
 1 
 0 
 128 
 195 
 76 
 240 
 239 
 16 
 8 
 4 
 7 
 250 
 194 
 33 
 16 
 8 
 255 
 193 
 113 
 12 
 3 
 240 
 15 
 0 
 0 
 0 
 3 
 127 
 191 
 95 
 171 
 77 
 149 
 37 
 255 
 73 
 137 
 17 
 17 
 17 
 225 
 61 
 47 
 241 
 65 
 65 
 65 
 129 
 193 
 185 
 7 
 3 
 5 
 57 
 193 
 255 
 1 
 1 
 193 
 97 
 17 
 13 
 5 
 3 
 3 
 7 
 9 
 49 
 241 
 143 
 125 
 129 
 1 
 1 
 1 
 129 
 65 
 97 
 33 
 17 
 17 
 137 
 69 
 51 
 15 
 255 
 15 
 51 
 69 
 137 
 17 
 17 
 33 
 97 
 65 
 129 
 1 
 1 
 1 
 129 
 125 
 135 
 249 
 17 
 25 
 7 
 3 
 3 
 5 
 13 
 49 
 33 
 193 
 1 
 1 
 255 
 193 
 57 
 7 
 3 
 15 
 177 
 193 
 129 
 65 
 65 
 65 
 241 
 47 
 125 
 161 
 17 
 17 
 145 
 137 
 73 
 255 
 37 
 149 
 77 
 43 
 255 
 183 
 127 
 7 
 0 
 192 
 252 
 219 
 254 
 169 
 100 
 83 
 73 
 255 
 36 
 34 
 19 
 16 
 16 
 11 
 124 
 232 
 30 
 5 
 4 
 4 
 3 
 6 
 26 
 225 
 129 
 193 
 56 
 6 
 255 
 0 
 1 
 6 
 8 
 24 
 96 
 64 
 128 
 128 
 192 
 48 
 17 
 62 
 194 
 125 
 3 
 0 
 1 
 1 
 2 
 4 
 4 
 8 
 16 
 32 
 33 
 78 
 112 
 224 
 255 
 224 
 112 
 78 
 33 
 32 
 16 
 8 
 4 
 4 
 2 
 1 
 1 
 0 
 3 
 125 
 226 
 30 
 25 
 32 
 192 
 128 
 128 
 64 
 96 
 16 
 12 
 6 
 1 
 0 
 255 
 6 
 56 
 65 
 129 
 193 
 59 
 6 
 3 
 4 
 4 
 5 
 30 
 232 
 120 
 15 
 16 
 17 
 17 
 34 
 36 
 255 
 73 
 82 
 100 
 171 
 244 
 251 
 252 
 128 
 0 
 0 
 0 
 224 
 31 
 128 
 96 
 28 
 6 
 255 
 32 
 16 
 8 
 135 
 191 
 192 
 64 
 32 
 17 
 238 
 31 
 100 
 134 
 2 
 1 
 1 
 2 
 4 
 152 
 176 
 255 
 224 
 88 
 70 
 33 
 32 
 33 
 17 
 18 
 18 
 12 
 15 
 248 
 20 
 36 
 100 
 196 
 254 
 35 
 26 
 5 
 3 
 1 
 6 
 24 
 96 
 128 
 0 
 0 
 0 
 255 
 0 
 0 
 0 
 128 
 96 
 24 
 6 
 1 
 3 
 5 
 25 
 35 
 254 
 194 
 100 
 36 
 24 
 248 
 15 
 20 
 18 
 18 
 17 
 33 
 32 
 33 
 70 
 88 
 224 
 255 
 176 
 144 
 12 
 3 
 1 
 1 
 2 
 2 
 228 
 31 
 246 
 17 
 32 
 96 
 193 
 189 
 7 
 8 
 24 
 96 
 255 
 135 
 24 
 96 
 129 
 30 
 224 
 0 
 0 
 0 
 0 
 0 
 0 
 0 
 240 
 31 
 0 
 0 
 255 
 96 
 29 
 30 
 225 
 0 
 135 
 88 
 96 
 152 
 7 
 6 
 249 
 63 
 64 
 192 
 129 
 193 
 66 
 36 
 36 
 216 
 63 
 36 
 36 
 194 
 99 
 152 
 7 
 0 
 7 
 248 
 0 
 0 
 1 
 1 
 1 
 1 
 2 
 227 
 30 
 13 
 116 
 132 
 200 
 232 
 152 
 88 
 86 
 81 
 33 
 255 
 32 
 83 
 84 
 88 
 152 
 232 
 200 
 136 
 116 
 13 
 30 
 227 
 2 
 1 
 1 
 1 
 0 
 0 
 0 
 240 
 15 
 1 
 6 
 137 
 113 
 194 
 36 
 36 
 24 
 255 
 36 
 36 
 66 
 65 
 129 
 192 
 32 
 63 
 249 
 6 
 6 
 153 
 96 
 88 
 135 
 0 
 224 
 31 
 28 
 96 
 255 
 0 
 0 
 15 
 240 
 0 
 0 
 0 
 0 
 0 
 0 
 0 
 0 
 0 
 0 
 0 
 240 
 15 
 255 
 15 
 243 
 29 
 231 
 249 
 30 
 35 
 197 
 137 
 17 
 17 
 161 
 226 
 126 
 147 
 28 
 4 
 7 
 9 
 8 
 8 
 255 
 16 
 16 
 16 
 32 
 160 
 227 
 252 
 240 
 172 
 147 
 136 
 8 
 4 
 7 
 14 
 49 
 192 
 0 
 240 
 15 
 0 
 0 
 0 
 3 
 2 
 12 
 16 
 176 
 255 
 176 
 16 
 12 
 2 
 3 
 0 
 0 
 0 
 15 
 240 
 0 
 193 
 49 
 14 
 7 
 4 
 136 
 144 
 151 
 172 
 240 
 248 
 199 
 32 
 32 
 32 
 16 
 16 
 16 
 255 
 8 
 8 
 7 
 4 
 12 
 183 
 122 
 226 
 33 
 17 
 17 
 136 
 68 
 35 
 30 
 249 
 231 
 25 
 247 
 15 
 255 
 7 
 248 
 0 
 0 
 0 
 0 
 0 
 0 
 0 
 0 
 0 
 0 
 0 
 0 
 0 
 0 
 128 
 240 
 248 
 254 
 118 
 221 
 90 
 91 
 148 
 212 
 50 
 30 
 19 
 18 
 17 
 17 
 209 
 62 
 17 
 16 
 144 
 80 
 48 
 255 
 28 
 20 
 19 
 19 
 60 
 208 
 16 
 16 
 16 
 19 
 220 
 48 
 220 
 19 
 16 
 16 
 145 
 210 
 84 
 56 
 248 
 55 
 216 
 20 
 20 
 18 
 19 
 16 
 255 
 17 
 17 
 18 
 20 
 20 
 216 
 87 
 248 
 56 
 84 
 82 
 145 
 16 
 16 
 19 
 222 
 48 
 220 
 19 
 16 
 16 
 16 
 208 
 60 
 19 
 19 
 22 
 24 
 16 
 255 
 208 
 144 
 16 
 19 
 60 
 209 
 17 
 17 
 18 
 35 
 46 
 244 
 228 
 165 
 165 
 106 
 237 
 110 
 252 
 248 
 240 
 192 
 0 
 0 
 0 
 0 
 0 
 0 
 0 
 0 
 0 
 0 
 0 
 0 
 0 
 0 
 0 
 0 
 0 
 0 
 0 
 0 
 128 
 64 
 96 
 144 
 136 
 70 
 65 
 160 
 208 
 56 
 14 
 5 
 134 
 226 
 159 
 65 
 64 
 64 
 255 
 32 
 33 
 62 
 240 
 80 
 57 
 14 
 60 
 198 
 5 
 5 
 6 
 10 
 26 
 226 
 185 
 135 
 3 
 1 
 2 
 2 
 132 
 124 
 19 
 16 
 32 
 96 
 192 
 255 
 64 
 64 
 32 
 16 
 11 
96 
 
 10 
 6 
 5 
 5 
 198 
 60 
 30 
 41 
 112 
 240 
 31 
2 
 32 
 64 
 64 
 159 
 227 
 132 
 7 
 12 
 56 
 240 
 33 
 65 
 70 
 136 
 152 
 96 
 128 
 128 
 0 
 0 
 0 
 0 
 0 
 0 
 0 
 0 
 0 
 0 
 0 
 0 
 0 
 0 
 0 
 0 
 0 
 0 
 0 
 0 
 0 
 0 
 0 
 0 
 0 
 0 
 0 
 0 
 0 
 0 
 0 
 0 
 128 
 64 
 48 
 16 
 140 
 66 
 51 
 14 
 241 
 207 
 64 
 255 
 47 
 241 
 14 
 61 
 198 
 134 
 27 
 33 
 66 
 132 
 136 
 104 
 16 
 40 
 38 
 67 
 65 
 129 
 226 
 154 
 134 
 69 
 68 
 228 
 62 
 41 
 40 
 16 
 255 
 16 
 40 
 43 
 60 
 228 
 68 
 69 
 70 
 154 
 226 
 2 
 193 
 67 
 37 
 40 
 16 
 120 
 132 
 132 
 98 
 35 
 25 
 134 
 198 
 61 
 14 
 241 
 31 
 32 
 255 
 143 
 241 
 14 
 17 
 98 
 132 
 24 
 32 
 64 
 128 
 0 
 0 
 0 
 0 
 0 
 0 
 0 
 0 
 0 
 0 
 0 
 0 
 0 
 0 
 0 
 0 
 0 
 0 
 0 
 0 
 0 
 0 
 0 
 0 
 0 
 0 
 0 
 0 
 0 
 0 
 0 
 0 
 0 
 0 
 0 
 0 
 0 
 0 
 0 
 0 
 0 
 0 
 0 
 0 
 0 
 0 
 192 
 160 
 112 
 248 
 252 
 252 
 220 
 250 
 122 
 154 
 169 
 41 
 169 
 200 
 72 
 72 
 168 
 152 
 136 
 136 
 12 
 142 
 74 
 105 
 24 
 12 
 142 
 105 
 24 
 15 
 248 
 14 
 9 
 255 
 8 
 31 
 233 
 14 
 24 
 235 
 138 
 12 
 24 
 41 
 75 
 140 
 12 
 8 
 136 
 152 
 104 
 72 
 72 
 168 
 169 
 41 
 169 
 90 
 90 
 250 
 220 
 252 
 124 
 248 
 240 
 192 
 192 
 0 
 0 
 0 
 0 
 0 
 0 
 0 
 0 
 0 
 0 
 0 
 0 
 0 
 0 
 0 
 0 
 0 
 0 
 0 
 0 
 0 
 0 
 0 
 0 
 0 
 0 
 0 
 0 
 0 
 0 
 0 
 0 
 0 
 0 
 0 
 0 
 0 
 0 
 0 
 0 
 0 
 0 
 0 
 0 
 0 
 0 
 0 
 0 
 0 
 0 
 0 
 0 
 0 
 0 
 0 
 0 
 0 
 0 
 0 
 0 
 0 
 0 
 0 
 0 
 0 
 0 
 128 
 128 
 128 
 128 
 64 
 64 
 64 
 32 
 32 
 32 
 16 
 144 
 200 
 72 
 40 
 168 
 84 
 188 
 116 
 254 
 254 
 254 
 108 
 252 
 84 
 152 
 40 
 72 
 136 
 144 
 16 
 32 
 32 
 32 
 64 
 64 
 64 
 128 
 128 
 128 
 128 
 0 
 0 
 0 
 0 
 0 
 0 
 0 
 0 
 0 
 0 
 0 
 0 
 0 
 0 
 0 
 0 
 0 
 0 
 0 
 0 
 0 
 0 
 0 
 0 
 0 
 0 
 0 
 0 
 0 
 0 
 0 
 0 
 0 
 0 
 0 
 0 
 0 
 0 
 0 
 0 
