1 REM BY MICHAEL ERWIN 72507,57
5 CLS:SCREEN,0:LINE(0,0)-(239,63),1,B:LINE(3,3)-(236,60),1,B
10 PRINT@90,"Newhart":PRINT@135,"by Henry Mancini"
20 FORX=1TO163:READ N,L:SOUND N,L/2:NEXTX
30 MENU
99 REM Music Data
100 DATA 5586,20,5586,20,5586,20,5586,20,5586,20,5586,20,5586,20,5586,20,5586,20,4697,20,3516,20,2793,20,2348,40,2348,40
110 DATA 2348,20,2636,10,2793,10,2636,60,4697,20,3728,20,3134,20,2636,20,2793,10,2959,10,2793,20,2348,20,3516,40,1758,20,1864,20,2092,20,2484,20,1567,20,1758,20
120 DATA 1864,40,1396,20,1567,20,1758,40,2793,40,2484,40,2092,40,2484,80,2484,40,1758,20,1864,20,2092,40,2793,40
130 DATA 2959,40,2092,40,2959,40,3321,40,3516,40,3728,40,2793,20,2636,20,2348,20,2793,40,2636,40,2348,20,1864,40,2092,20,2636,20
140 DATA 2636,80,3134,20,2793,20,2636,20,2092,40,2348,40,2636,20,3728,40,2793,40,2793,80,2484,25,2348,25,2092,25
150 DATA 1864,25,2092,25,2484,25,3728,40,4433,40,3728,40,2348,40,3134,80,3321,80,4976,20,4184,20,3134,20,2484,20
155 DATA 2092,40,2092,40,2092,20,2348,10,2484,10,2348,40,2348,20,4184,20,3516,20,2793,20,2348,20,2484,10,2636,10,2484,20,2092,20,3134,40,1567,20,1758,20
160 DATA 1864,20,2216,20,1396,20,1567,20,1660,20,1864,20,1975,20,2216,20,2959,20,2959,20,2959,20,2484,40,2484,40,2484,20,2793,20,2348,20,2793,20,2348,80,3516,20
170 DATA 2484,20,3134,40,3516,20,2348,20,3134,40,3728,20,2348,25,3134,25,3728,25,2348,25,3134,25,3728,25,2959,20,4976,20,3728,20,3134,20,2484,20,2959,20,2484,20,1975,20
180 DATA 1864,20,2793,20,2216,20,1864,20,1660,20,2484,20,1975,20,1660,20,1396,20,1479,20,1660,20,1864,20,1975,20,2216,20,2484,20,2793,20,2959,20,0001,20,7456,20
