5 CLS:PRINT@90,"Star Trek Theme"
7 PRINT:PRINT TAB(3)"Transcribed by Joseph B. Phillips"
8 PRINT TAB(10)"to the Model 100"
10 FOR J=1TO76 
15 READ X,Y
20 SOUND X,Y
25 NEXT J
30 DATA 2348,35,3134,35,2636,35,4184,50
40 DATA 4697,35,3516,15,2636,35,2793,15,3516,15,4184,15,3134,15,2348,25,2348,20,1864,35
50 DATA 4697,15,2636,35,2793,15,3134,15,3516,15,3718,15,3950,30
60 DATA 4184,15,4697,15,2348,30,2636,15,2793,15,3134,15,3516,15,3718,30
70 DATA 3718,25,3950,40,3516,15,3134,15,2959,15,2636,15,2484,15,2216,15,2092,35
80 DATA 3134,20,3321,40,2959,15,2636,15,2484,15,2216,15,1975,15,1864,15,1758,25
90 DATA 4697,20,2636,40,2793,15,3134,15,3516,15,3718,15,3950,35
100 DATA 4184,15,4697,15,2348,40,2636,15,2793,15,3134,15,3516,15,3718,35
110 DATA 3718,20,3950,46,3516,20,3134,15,2793,15,2484,15,2216,15,2484,15,2092,40
120 DATA 2216,15,2484,30,4433,30,3321,35,3718,15

