10 IFPEEK(100)<>107THENCLS:BEEP:PRINT"CAN'T LOAD TSLOAD.CO":END
20 CLEAR256,56400
30 CLS:PRINT" Loading TSLOAD.CO...."
40 READP1:READP2:READP3
50 A=P1:FORI=0TOP2-1:READB:POKEA+I,B:NEXT
60 SAVEM"TSLOAD",P1,P1+P2,P3:PRINT"Done":END
100 DATA 56400,526,56400
110 DATA 33,0,0,57,34,87,222,33,91,246,17,21,222,1,5,0,205,219,107,33,15,222,55,205,230,23,33,30,222,205,151,221,38,20,46,255,45,194,116,220,37,194,114,220,205,109,109,194,147,220,205,203,110,33,15,222,53,55,205,230,23,33,30,222,205,151,221,205,74
120 DATA 221,58,133,246,254,18,194,190,221,33,55,222,205,151,221,205,74,221,58,159,246,167,202,196,221,33,48,222,205,151,221,205,74,221,58,135,246,167,194,190,221,205,51,221,214,6,79,205,127,221,95,205,127,221,87,213,197,205,127,221,111,205,127,221
130 DATA 103,8,34,27,222,205,127,221,205,127,221,42,218,250,126,254,73,194,248,220,17,7,0,25,17,248,220,213,229,33,29,222,54,1,201,42,218,250,1,243,127,8,194,184,221,193,209,213,195,13,221,213,205,51,221,209,205,127,221,18,19,13,194,13,221,205,127
140 DATA 221,42,27,222,125,180,194,8,221,33,36,222,205,151,221,205,74,221,205,162,221,58,29,222,254,1,201,33,42,222,205,151,221,205,127,221,205,127,221,6,0,79,42,27,222,8,34,27,222,201,33,133,246,205,92,118,229,205,121,221,205,121,221,79,205,121,221
150 DATA 65,121,167,202,104,221,205,121,221,13,194,97,221,225,4,4,175,48,134,35,5,194,109,221,47,190,194,190,221,201,205,127,221,119,35,201,205,143,221,205,126,109,218,190,221,194,190,221,201,205,50,110,219,187,230,32,200,195,190,221,70,35,126,205
160 DATA 140,221,5,194,152,221,201,33,21,222,126,214,58,218,230,23,35,195,230,23,33,255,221,205,162,17,195,203,18,33,218,221,195,199,221,33,227,221,195,199,221,33,238,221,235,42,87,222,249,235,205,49,66,205,162,17,205,175,221,205,162,221,201,82,65
170 DATA 77,32,70,117,108,108,0,68,105,115,107,32,69,114,114,111,114,0,68,79,83,49,48,48,32,110,111,116,32,102,111,117,110,100,0,7,32,80,114,101,115,115,32,97,110,121,32,107,101,121,0,57,56,78,49,68,0,0,0,0,0,0,0,0,0,0,5,90,90,7,0,248,5,90,90,2,0
180 DATA 253,5,90,90,3,0,252,6,90,90,1,1,3,250,31,90,90,0,26,68,79,83,49,48,48,46,67,79,32,32,32,32,32,32,32,32,32,32,32,32,32,32,32,70,0,136,0,0,0,20,223,55,1
